Epoch	AverageEpRet	StdEpRet	MaxEpRet	MinEpRet	AverageTestEpRet	StdTestEpRet	MaxTestEpRet	MinTestEpRet	EpLen	TestEpLen	TotalEnvInteracts	AverageQ1Vals	StdQ1Vals	MaxQ1Vals	MinQ1Vals	AverageQ2Vals	StdQ2Vals	MaxQ2Vals	MinQ2Vals	AverageLogPi	StdLogPi	MaxLogPi	MinLogPi	LossPi	LossQ	Time
1	-1344.2585	270.38257	-864.4143	-1761.5652	-1700.9427	73.448944	-1578.805	-1782.9583	200.0	200.0	3999	-1642.6215	23114.078	0.24329521	-28.012243	-1649.5946	23212.197	0.15083872	-25.315825	1323.7657	18627.512	32.78395	-8.866992	8.407152	11.896452	13.142594575881958
2	-1252.876	292.75912	-909.1214	-1752.6163	-1784.9602	60.928097	-1672.0166	-1851.1631	200.0	200.0	7999	-2121.677	29855.096	-0.053407334	-24.859507	-2125.1252	29903.617	-0.0136466995	-24.983187	2891.253	40684.43	32.896572	-4.7466807	10.590527	0.5703489	29.75966453552246
3	-1434.4576	391.30954	-774.5785	-1932.3892	-1837.9156	72.115974	-1658.676	-1915.8977	200.0	200.0	11999	-2600.8662	36597.99	-0.29988283	-30.220522	-2600.878	36598.156	-0.34492868	-30.360516	3520.547	49539.47	32.896572	-7.795466	12.926285	0.15861025	48.06653332710266
4	-1695.1797	173.13573	-1110.8695	-1875.4948	-1779.357	137.62483	-1442.8158	-1908.3594	200.0	200.0	15999	-3163.1113	44509.59	-0.2646421	-34.750465	-3162.9297	44507.035	-0.28893003	-35.434124	3406.4612	47934.156	32.896572	-7.213574	15.762655	0.08745893	68.62552428245544
5	-1425.1854	111.192444	-1156.8684	-1536.5339	-1469.0505	28.111624	-1419.4592	-1503.141	200.0	200.0	19999	-3724.8135	52413.535	-0.23429874	-40.01772	-3725.8782	52428.52	-0.25647867	-40.294563	4278.716	60207.895	32.896572	-6.1157603	18.69602	0.3259611	89.40724563598633
6	-1394.3547	217.18283	-522.93146	-1514.2212	-1421.449	97.96274	-1160.5128	-1513.7385	200.0	200.0	23999	-4226.1655	59468.285	-0.24947004	-45.945496	-4219.282	59371.426	-0.19110379	-47.205433	5406.32	76074.74	32.896572	-5.452795	21.359371	1.3863574	109.79636096954346
7	-1461.7277	67.78652	-1236.2352	-1521.6648	-1394.0421	72.845924	-1311.84	-1498.5889	200.0	200.0	27999	-4733.0073	66600.266	-0.27840722	-48.745483	-4735.372	66633.55	-0.35370895	-48.517807	5506.5625	77485.305	32.896572	-2.7845576	23.681131	0.23859386	130.05985641479492
8	-1375.7317	131.7323	-884.0032	-1504.9557	-1355.3447	74.3182	-1277.938	-1496.1554	200.0	200.0	31999	-5164.3228	72669.51	-0.3027169	-52.85563	-5163.7974	72662.12	-0.3114769	-53.461792	5612.9004	78981.62	32.896572	-3.6324754	25.784199	0.13631293	150.5338225364685
9	-1236.3394	379.91263	-5.420052	-1533.1879	-1323.3601	102.379524	-1147.175	-1500.1062	200.0	200.0	35999	-5714.366	80409.4	-0.16379653	-62.527252	-5716.379	80437.71	-0.199742	-59.071026	5669.055	79771.78	32.896572	-8.241566	29.069439	2.829596	171.3330307006836
10	-1280.8292	116.99586	-1097.5647	-1514.7461	-1229.7756	155.41435	-1072.5873	-1511.0553	200.0	200.0	39999	-6119.8325	86114.9	-0.2505176	-60.742207	-6123.7227	86169.65	-0.3584475	-61.474087	5693.9473	80122.055	32.896572	-3.6535287	30.776464	0.74061155	193.3748641014099
11	-1290.0089	109.68138	-993.95215	-1495.3142	-1304.0862	133.72192	-1145.3417	-1518.2944	200.0	200.0	43999	-6687.6836	94105.36	-0.35169637	-65.25086	-6686.878	94094.03	-0.4225711	-65.74352	5470.331	76975.48	32.896572	-5.1632714	33.38919	0.13743007	215.56908440589905
12	-1306.8796	213.19328	-643.32434	-1512.0697	-1112.0905	193.45457	-707.0063	-1258.9618	200.0	200.0	47999	-7062.293	99376.67	-0.3844337	-68.62872	-7061.9805	99372.266	-0.44950116	-70.403786	5553.2144	78141.76	32.896572	-3.1216404	35.227104	0.12386632	237.5241401195526
13	-1026.0204	466.88968	-4.0457907	-1500.1194	-878.8752	586.11395	-4.14534	-1502.7472	200.0	200.0	51999	-7405.274	104202.92	-0.43933916	-73.250275	-7406.11	104214.69	-0.43551815	-73.47096	5537.7485	77924.125	32.896572	-2.0609317	37.02191	0.21728623	259.548885345459
14	-1062.4491	512.89746	-11.270476	-1504.4696	-1007.472	526.97723	-11.112017	-1511.3938	200.0	200.0	55999	-7941.5977	111749.766	-0.36196798	-74.3171	-7942.1367	111757.35	-0.4842208	-74.87613	5628.68	79203.664	32.896572	-4.1068463	39.780914	0.44903803	281.4482355117798
15	-1072.1941	383.86783	-0.562913	-1510.6052	-1090.4902	156.49934	-861.92694	-1493.4991	200.0	200.0	59999	-8419.06	118468.35	-0.51353115	-82.64402	-8404.447	118262.734	-0.120144844	-93.66197	5736.959	80727.29	32.896572	-3.690831	42.81147	8.843379	303.44741702079773
16	-1033.2622	443.0319	-9.331716	-1501.9182	-1010.70264	354.10028	-21.369108	-1501.2826	200.0	200.0	63999	-8566.791	120547.18	-0.3461321	-81.20064	-8565.425	120527.95	-0.09558787	-81.56821	5668.609	79765.516	32.896572	-5.9302597	43.1249	2.4806337	325.32111287117004
17	-999.84216	308.0195	-24.83645	-1503.1565	-1051.0095	228.65508	-817.72205	-1499.4973	200.0	200.0	67999	-8934.021	125714.664	-0.5118586	-85.26968	-8932.088	125687.45	-0.43798465	-85.01882	5425.845	76349.516	32.896572	-5.4908776	44.693165	0.75830233	346.05061960220337
18	-925.61554	295.0436	-418.0929	-1495.7639	-1057.7828	220.40633	-926.24115	-1497.8401	200.0	200.0	71999	-9146.1875	128700.164	-0.46711725	-88.26041	-9148.877	128738.01	-0.4815614	-88.98765	5585.712	78599.05	32.896572	-4.668974	45.801563	0.82685584	366.15165615081787
19	-960.40216	330.647	-1.8700235	-1504.4869	-798.5434	100.44988	-534.8676	-928.91797	200.0	200.0	75999	-9587.619	134911.75	-0.5226432	-98.8619	-9586.261	134892.62	-0.48015052	-95.601654	5699.034	80193.65	32.896572	-4.982886	47.9547	0.9689379	387.0062851905823
20	-783.50635	377.2651	-17.342646	-1499.2422	-950.4495	380.76877	-26.878965	-1496.1438	200.0	200.0	79999	-9692.476	136387.28	-0.1805749	-92.27396	-9695.145	136424.84	-0.28942537	-94.14547	5618.0254	79053.74	32.896572	-3.5000412	48.44847	0.9763311	407.3078279495239
21	-551.0167	437.82956	-2.7047613	-1502.6233	-821.1138	335.2148	-14.746992	-1499.1136	200.0	200.0	83999	-10257.034	144331.42	-0.54747677	-97.96701	-10257.368	144336.12	-0.23868187	-98.72424	5812.8145	81794.68	32.896572	-5.0654554	51.33443	0.9512166	428.46709537506104
