Epoch	AverageEpRet	StdEpRet	MaxEpRet	MinEpRet	AverageTestEpRet	StdTestEpRet	MaxTestEpRet	MinTestEpRet	EpLen	TestEpLen	TotalEnvInteracts	AverageQ1Vals	StdQ1Vals	MaxQ1Vals	MinQ1Vals	AverageQ2Vals	StdQ2Vals	MaxQ2Vals	MinQ2Vals	AverageLogPi	StdLogPi	MaxLogPi	MinLogPi	LossPi	LossQ	Time
1	-1231.2389	283.61526	-848.24524	-1831.3956	-265.57672	157.63835	-3.5650725	-513.0845	200.0	200.0	3999	-41.522926	28.588108	0.58190084	-114.5261	-41.522568	28.580866	0.53552264	-113.628815	0.40065554	1.2723899	7.3681545	-8.320713	40.819515	20.552547	32.81558418273926
2	-1262.5573	312.8427	-852.3096	-1763.3613	-180.453	130.23671	-1.1662894	-363.10815	200.0	200.0	7999	-97.72651	39.99116	6.2969527	-211.56233	-97.72669	39.973644	7.3238516	-210.83801	1.2922212	1.5632727	6.9860435	-10.659558	95.26697	95.967735	78.94518208503723
3	-762.9278	660.7601	-1.686368	-1653.013	-140.50034	81.76816	-2.9047	-336.83353	200.0	200.0	11999	-122.73314	63.98875	29.568708	-262.52386	-122.73397	63.97693	29.350336	-262.63126	1.6043278	1.7204382	8.060442	-10.261476	118.91563	176.71617	125.2826988697052
4	-168.74785	94.76776	-0.87970203	-361.3809	-108.17533	62.490612	-0.34597766	-228.36128	200.0	200.0	15999	-90.66735	87.68864	33.242306	-275.85135	-90.66796	87.68595	33.97554	-275.79846	1.309747	1.8007936	8.181773	-9.766187	87.355125	153.24138	169.07587933540344
5	-152.80682	119.49795	-0.78186893	-359.8033	-131.50615	31.083109	-114.02807	-223.8993	200.0	200.0	19999	-68.18617	85.58606	33.01951	-276.20758	-68.18573	85.58658	31.536076	-275.69934	0.95065135	1.7743174	8.540062	-9.272424	65.6483	112.966606	213.35743880271912
6	-170.95142	71.70065	-118.0082	-349.80176	-203.54868	74.52166	-115.00251	-320.16696	200.0	200.0	23999	-57.661667	81.62385	21.806757	-269.95953	-57.66141	81.62491	21.491888	-269.38342	0.724667	1.7017684	9.15387	-9.407174	55.726658	85.65542	252.40251302719116
7	-143.82957	87.400024	-0.9081142	-348.9942	-177.21468	72.86733	-117.31906	-332.30252	200.0	200.0	27999	-51.60706	79.31901	18.306444	-272.09836	-51.60612	79.31901	16.86271	-271.52634	0.5536778	1.6166415	9.592558	-9.655472	50.006187	75.27921	290.7942531108856
8	-119.18463	78.52016	-0.7859501	-319.99664	-141.72177	86.41637	-0.49352914	-350.89865	200.0	200.0	31999	-46.89536	76.84559	14.346155	-273.76166	-46.89523	76.84479	14.701718	-273.24753	0.42945978	1.5417017	9.002355	-8.625385	45.550858	73.38346	344.34071111679077
9	-143.31313	77.51372	-1.4477404	-338.5467	-141.02048	86.57884	-0.80117744	-234.64911	200.0	200.0	35999	-43.48186	74.86104	11.221066	-275.63602	-43.48171	74.860115	12.9243555	-275.9662	0.37694708	1.5203096	9.919462	-10.3039875	42.27982	60.669502	387.68069648742676
10	-183.56584	86.60832	-0.8010635	-368.8588	-120.04195	54.544422	-1.4064455	-244.61917	200.0	200.0	39999	-40.60564	73.109795	10.044599	-281.56406	-40.606194	73.108055	10.341793	-280.61508	0.31516397	1.4681515	8.738573	-10.073108	39.559097	58.19419	438.3421940803528
11	-122.43661	92.404106	-0.77047485	-357.38733	-141.33226	67.98364	-3.554447	-243.95102	200.0	200.0	43999	-38.49204	71.36214	9.4932995	-287.0143	-38.49309	71.35919	10.524812	-286.8065	0.26302704	1.4373308	9.497273	-8.3723955	37.555485	52.581524	485.442884683609
12	-143.4696	86.22605	-1.6242191	-356.73508	-166.72466	53.49884	-119.40225	-238.69633	200.0	200.0	47999	-36.186832	69.80826	8.446498	-284.22073	-36.187862	69.80542	9.958336	-285.69672	0.2068548	1.3880268	10.38288	-11.346212	35.33549	49.07633	533.8726017475128
13	-130.3765	104.97023	-0.81963634	-336.08978	-155.96124	53.000923	-115.80802	-237.34972	200.0	200.0	51999	-34.58814	68.60627	7.4769416	-285.8158	-34.589	68.60396	8.26272	-285.27997	0.18202463	1.3845041	10.06271	-8.700091	33.81117	47.55164	587.3672771453857
14	-131.17142	70.98748	-1.0825554	-237.14839	-163.66881	53.40616	-114.564224	-238.56775	200.0	200.0	55999	-32.78942	67.14778	7.5720134	-287.62344	-32.790134	67.14633	9.522664	-287.65915	0.11992002	1.364285	9.326628	-9.613427	32.03929	36.9675	632.5768234729767
15	-121.73558	73.44089	-0.8601454	-351.9465	-169.17342	79.02195	-0.817433	-253.06161	200.0	200.0	59999	-30.877335	65.48729	6.1902084	-289.0752	-30.878038	65.486755	6.892113	-290.19284	0.0734782	1.3125079	12.484652	-9.122456	30.206602	35.746082	700.7699384689331
16	-149.43494	71.90245	-1.1768851	-248.61383	-108.71975	80.99535	-0.853963	-232.01324	200.0	200.0	63999	-29.435286	64.160545	6.629311	-289.42114	-29.43552	64.16056	9.339991	-290.10272	0.036637913	1.2913425	9.240894	-9.162365	28.810537	42.449635	760.884218454361
17	-179.35796	70.93534	-121.8429	-351.25345	-107.98299	36.04016	-0.2838479	-124.465195	200.0	200.0	67999	-28.13632	62.9597	5.713292	-288.26334	-28.136795	62.96003	6.864902	-289.21686	0.029241748	1.2860653	10.155912	-9.771694	27.569273	34.7596	818.5171377658844
18	-113.59874	89.8523	-0.99083257	-313.61743	-175.67198	90.51621	-0.5251173	-329.15976	200.0	200.0	71999	-27.295507	62.63282	5.5761213	-291.5157	-27.295908	62.63375	6.702389	-292.7321	0.0030820447	1.2785653	10.827514	-9.768654	26.75495	30.818085	866.7514524459839
19	-158.00027	53.59745	-117.82536	-247.92484	-145.26067	89.963776	-0.28992912	-256.59296	200.0	200.0	75999	-26.11899	61.60628	5.0997787	-290.75323	-26.119177	61.606697	5.0636754	-291.07727	-0.008820491	1.2601798	10.455825	-9.375166	25.592306	27.791594	918.1178023815155
20	-161.7796	99.070984	-0.8934989	-345.10284	-134.21474	85.12991	-0.89871716	-253.73627	200.0	200.0	79999	-24.966333	60.446392	5.289896	-292.59668	-24.966282	60.446297	6.5088086	-293.4806	-0.030170172	1.2273548	11.313244	-8.337019	24.475391	29.644745	972.4620923995972
21	-126.949	88.285736	-0.8948644	-249.64447	-147.01183	48.5461	-118.718636	-249.92355	200.0	200.0	83999	-24.01898	59.70308	6.6684036	-290.2387	-24.018892	59.70326	6.1747813	-292.19708	-0.050889675	1.2094926	16.737513	-8.776537	23.559542	28.022038	1024.4526054859161
22	-176.70158	81.88484	-1.1053655	-335.86145	-177.6868	56.35361	-119.27299	-238.67224	200.0	200.0	87999	-23.25278	59.023956	8.341695	-291.5609	-23.253057	59.02357	7.7387896	-291.9157	-0.040467218	1.2271878	12.045558	-11.133675	22.821262	28.046965	1079.6413142681122
23	-147.82248	86.574356	-0.9802095	-327.01965	-142.39348	69.75036	-0.2661694	-246.00635	200.0	200.0	91999	-22.608282	58.281578	5.3579507	-289.9213	-22.608532	58.281788	6.3383923	-290.99155	-0.051755685	1.2041671	13.660202	-12.1221895	22.210583	29.360573	1135.9904072284698
24	-149.39612	71.19365	-2.672601	-239.29361	-95.92203	87.904144	-0.49041325	-240.08656	200.0	200.0	95999	-22.099188	57.95098	8.083222	-290.84656	-22.099287	57.950737	6.4487667	-292.09995	-0.055330727	1.195241	10.686696	-8.732802	21.702257	23.248941	1198.4429440498352
25	-143.15874	85.824234	-1.2312222	-356.56647	-109.98936	66.19901	-1.4547806	-249.0204	200.0	200.0	99999	-21.530432	57.259094	5.216397	-293.45074	-21.530966	57.25891	6.3850737	-293.895	-0.059887536	1.1930189	11.503844	-8.790236	21.172632	24.72659	1256.6599750518799
26	-173.79115	79.33897	-1.0045663	-368.58472	-133.29118	99.12567	-0.26075906	-361.09167	200.0	200.0	103999	-20.89417	56.423096	7.9721093	-293.64267	-20.894548	56.423927	4.9170675	-295.31525	-0.06781802	1.1706129	10.852101	-9.809973	20.544765	26.98222	1321.0370037555695
27	-148.71957	86.98845	-1.0661794	-325.07547	-185.89442	84.81764	-0.49906987	-285.89255	200.0	200.0	107999	-20.539944	56.119545	4.8162456	-293.44824	-20.539873	56.12	6.721114	-295.43652	-0.07837851	1.1688846	15.950599	-9.683098	20.196707	22.181934	1378.3235807418823
28	-124.72583	80.421265	-1.0675768	-265.95145	-149.50528	95.473404	-0.37196505	-287.52438	200.0	200.0	111999	-19.85541	55.507137	6.59001	-294.22867	-19.855637	55.506664	5.787441	-296.52713	-0.09876846	1.1587737	11.424097	-8.690427	19.546133	24.402773	1450.3397421836853
29	-141.87918	69.90036	-1.0263457	-286.30136	-118.419044	72.843	-0.5704033	-234.63513	200.0	200.0	115999	-19.41562	54.934326	4.854075	-295.3423	-19.416048	54.934746	5.037175	-294.99243	-0.09974294	1.144458	10.216754	-8.28294	19.118853	22.451859	1504.024364233017
30	-158.3989	101.045494	-0.9356987	-318.79083	-143.33409	44.362007	-114.530304	-241.02058	200.0	200.0	119999	-19.102371	54.552944	6.281044	-294.1364	-19.102379	54.55361	8.453783	-295.53433	-0.11143948	1.1324666	13.242674	-8.499764	18.813446	22.351748	1556.3818299770355
31	-133.99014	49.85733	-1.1790384	-240.34697	-153.96382	51.890457	-116.094955	-239.95174	200.0	200.0	123999	-18.673378	53.933918	4.8601613	-289.73648	-18.673876	53.9341	5.074574	-291.33453	-0.124239795	1.1398033	14.79244	-8.647446	18.394058	22.331026	1607.3350577354431
32	-180.57979	94.38796	-1.3071706	-363.65573	-136.68835	90.25204	-0.11712687	-290.58014	200.0	200.0	127999	-18.40459	53.675453	7.535059	-293.25098	-18.404606	53.674294	5.0856743	-294.22278	-0.1438779	1.1074616	8.9768715	-9.69047	18.116085	18.475542	1650.6742799282074
33	-96.705475	94.693924	-1.1004181	-347.3798	-96.92885	47.796143	-1.1298025	-124.67078	200.0	200.0	131999	-18.039265	53.265884	5.560837	-296.6545	-18.040155	53.267803	5.670103	-298.369	-0.1528467	1.1203903	10.036821	-9.34986	17.765766	19.373453	1693.6343653202057
34	-145.00433	68.82735	-1.5065888	-334.3644	-84.32412	74.78392	-0.4736321	-231.01486	200.0	200.0	135999	-17.45035	52.593	5.2466125	-294.26205	-17.450258	52.59324	5.0128374	-295.33652	-0.1838931	1.0891685	10.948692	-7.9842787	17.200087	20.14386	1736.3580055236816
35	-150.12056	64.54609	-1.0627022	-273.92398	-162.33487	90.96143	-0.057946246	-354.3845	200.0	200.0	139999	-17.135197	52.362255	4.726443	-291.21008	-17.135456	52.363953	5.0142913	-292.48935	-0.18547145	1.0863595	12.207883	-8.816525	16.902128	21.72775	1779.130096912384
36	-103.13991	76.58967	-1.0471573	-240.11418	-111.1089	85.30104	-0.17162779	-246.28336	200.0	200.0	143999	-16.740858	52.052273	6.1977835	-293.69287	-16.741405	52.053032	5.743037	-294.46567	-0.17961484	1.0839089	10.158823	-9.384373	16.49763	17.312078	1822.130957365036
37	-124.608765	80.08178	-1.2926924	-291.36273	-134.31117	85.85106	-0.0470244	-256.84247	200.0	200.0	147999	-16.32335	51.468246	6.2425756	-292.0509	-16.324028	51.468853	5.2962384	-292.999	-0.19834146	1.0798231	10.563446	-7.848105	16.087782	18.078644	1865.031566619873
38	-123.8218	79.674934	-1.2293881	-297.54913	-118.49713	89.63882	-0.23582771	-240.34108	200.0	200.0	151999	-16.022905	51.276688	5.177644	-293.10605	-16.023008	51.276283	4.852081	-294.66403	-0.19245937	1.0783046	17.090094	-7.6832337	15.798619	16.004143	1908.8988018035889
39	-121.24858	73.65243	-0.97184527	-242.93253	-147.0761	89.0677	-0.6450255	-323.51013	200.0	200.0	155999	-15.631981	50.75181	6.548178	-292.25287	-15.632647	50.753204	5.5894938	-294.60522	-0.21077093	1.0747075	14.465142	-9.083012	15.411679	16.01914	1952.703557252884
40	-154.3726	90.08788	-1.3457252	-347.59875	-108.687515	80.6205	-0.15528567	-235.57634	200.0	200.0	159999	-15.284886	50.1934	5.046813	-291.62888	-15.285217	50.193645	6.1038804	-293.17853	-0.20711783	1.0710087	11.311449	-9.561848	15.056451	13.237478	1996.1295773983002
41	-156.10745	98.66995	-1.1269048	-340.0074	-133.59348	83.75347	-1.2594419	-247.60693	200.0	200.0	163999	-15.109109	49.853355	5.501194	-292.8834	-15.109335	49.85287	5.9419665	-292.72614	-0.21933873	1.056818	10.117678	-7.945628	14.894632	18.403614	2039.416006565094
42	-182.9514	72.34137	-2.4774675	-271.4127	-183.39188	68.42553	-117.18057	-318.9699	200.0	200.0	167999	-14.966587	49.77727	5.2580547	-292.11194	-14.96688	49.77782	5.0194416	-293.20206	-0.23428729	1.0586469	8.737684	-8.976521	14.756454	15.001441	2082.8253257274628
43	-164.44987	79.33421	-3.1858895	-333.89676	-154.13513	72.62919	-5.046838	-243.18356	200.0	200.0	171999	-14.950525	49.84372	4.903435	-289.98367	-14.950586	49.843403	5.089993	-293.2137	-0.2257915	1.0622094	10.433315	-9.437731	14.751299	13.411813	2126.39560174942
44	-148.81262	70.65101	-1.3603929	-241.06612	-131.86899	62.239937	-1.0617483	-240.08992	200.0	200.0	175999	-14.610477	49.325665	5.9849916	-292.54218	-14.610989	49.327354	5.1148405	-295.10373	-0.23024377	1.0444937	10.249451	-9.658304	14.418797	17.457788	2170.327754497528
45	-151.08891	63.26409	-2.5871248	-269.16507	-176.23076	93.70412	-0.4644214	-242.85399	200.0	200.0	179999	-14.412665	49.1498	6.124774	-291.2757	-14.412887	49.1501	7.4079146	-292.48996	-0.2136333	1.0574183	14.039106	-8.17584	14.230995	12.315125	2214.802243947983
46	-120.41032	72.82325	-1.4500169	-242.29411	-119.53876	73.07481	-0.37010887	-234.58498	200.0	200.0	183999	-14.287356	49.11339	4.9486856	-291.8595	-14.287875	49.114235	5.375494	-292.514	-0.21509822	1.0487397	10.273183	-11.062107	14.106341	13.827523	2257.4222536087036
47	-129.27455	82.897	-1.1136619	-309.60416	-144.189	46.551296	-118.33257	-238.41429	200.0	200.0	187999	-14.181357	49.00125	5.289711	-294.8256	-14.181453	49.001755	5.2093635	-294.66702	-0.21307994	1.0576946	9.990089	-8.270708	14.005363	13.452845	2300.5257680416107
48	-141.6276	98.44002	-1.3218516	-300.03967	-105.92495	79.09762	-0.43768188	-228.01448	200.0	200.0	191999	-13.754538	48.42819	5.6577597	-295.70212	-13.754969	48.428356	5.4917274	-296.1009	-0.2135321	1.0419657	9.269466	-7.8750668	13.576677	12.348401	2344.8901903629303
49	-170.4603	78.81985	-1.5303885	-317.73923	-158.77351	80.99348	-1.1106218	-299.97488	200.0	200.0	195999	-13.519762	47.958775	5.226063	-296.12213	-13.519917	47.95815	5.779621	-292.46396	-0.23397131	1.0397531	10.03519	-9.045896	13.3479	11.610029	2388.106614589691
50	-163.93854	78.03553	-1.4771549	-284.76154	-131.0927	59.907955	-0.6165048	-228.93242	200.0	200.0	199999	-13.407597	47.869892	6.709511	-294.1253	-13.408188	47.870228	6.473099	-293.484	-0.22346644	1.0316826	11.139051	-9.5848255	13.242005	11.046676	2431.3073222637177
51	-153.50229	69.00649	-5.1132574	-302.48413	-162.30006	64.68914	-115.09637	-308.7145	200.0	200.0	203999	-13.47335	48.2034	5.468853	-298.3691	-13.473504	48.20425	5.9627	-295.51486	-0.23115107	1.0192899	11.787348	-7.6756363	13.324501	14.711827	2475.6976022720337
52	-148.97232	92.935425	-1.2998905	-342.29462	-109.3668	82.34388	-1.1611317	-248.61945	200.0	200.0	207999	-13.17171	47.716335	5.7329555	-291.74847	-13.171987	47.71495	5.537072	-293.7259	-0.22731581	1.0400436	10.681499	-9.473815	13.022068	15.0828705	2519.5216825008392
53	-149.03745	80.94407	-1.3978689	-242.52396	-142.96556	69.348724	-0.26676297	-244.80544	200.0	200.0	211999	-12.924181	47.430023	5.77584	-292.11423	-12.923893	47.42928	5.6632233	-294.82523	-0.24251498	1.0146292	10.012828	-8.67608	12.765235	10.753258	2563.086696624756
54	-118.92815	72.24211	-1.5308614	-235.7402	-164.856	54.64459	-115.39459	-241.37543	200.0	200.0	215999	-12.768904	47.0555	5.2443557	-292.47916	-12.768914	47.0547	5.409663	-291.59244	-0.2514361	0.99251366	9.502951	-9.34878	12.616682	12.536917	2606.4274768829346
55	-126.82536	66.88549	-1.6746093	-238.91464	-130.79768	61.031685	-0.5069208	-238.74753	200.0	200.0	219999	-12.662026	47.154755	5.729232	-293.45712	-12.662189	47.15396	5.629721	-291.67944	-0.24851833	1.0059344	9.127835	-8.03188	12.518159	12.351532	2649.6155710220337
56	-144.76756	70.51557	-1.5414101	-271.13052	-143.18991	89.95667	-0.33507273	-252.30798	200.0	200.0	223999	-12.469386	46.913345	5.4975224	-289.7073	-12.469801	46.913105	5.8102818	-290.03485	-0.24910331	1.0046864	9.956794	-9.72479	12.331837	12.692824	2693.1616315841675
57	-118.7771	93.358444	-1.246386	-312.78766	-141.84723	86.24663	-0.31392294	-244.54654	200.0	200.0	227999	-12.516309	46.956215	5.481898	-291.1836	-12.516181	46.95659	5.555257	-289.79193	-0.23767012	1.010258	9.283779	-7.9564476	12.357619	8.784316	2736.674328327179
58	-142.86624	85.59733	-1.874531	-307.63077	-163.78345	88.80996	-0.129251	-323.89636	200.0	200.0	231999	-12.244813	46.51294	5.5322647	-291.08508	-12.244735	46.512474	7.6706862	-291.35526	-0.25925532	0.98765785	10.760448	-7.749631	12.106746	12.765303	2780.5034894943237
59	-171.09807	79.9333	-2.067394	-309.0318	-120.81506	93.02655	-0.14069308	-244.28455	200.0	200.0	235999	-12.265044	46.630577	6.074619	-291.28842	-12.265129	46.62912	5.805471	-291.37912	-0.2608286	1.002034	9.742463	-7.9032335	12.131741	10.540676	2826.8582746982574
60	-150.94852	80.33376	-1.2826519	-305.54984	-109.973404	65.26777	-0.4521246	-243.77583	200.0	200.0	239999	-12.140499	46.491394	6.0543346	-293.30692	-12.1401415	46.490337	5.3029604	-293.1899	-0.2564338	0.99952203	10.237066	-8.95738	11.995594	9.123998	2871.835834503174
61	-143.23627	68.14511	-2.5964065	-240.0582	-153.75168	75.31924	-0.2823183	-242.21138	200.0	200.0	243999	-12.017583	46.103176	6.463307	-291.99677	-12.017875	46.102947	5.981894	-292.12613	-0.27191743	0.98626024	29.148125	-8.300345	11.881411	9.845332	2915.6577587127686
62	-157.83289	78.79103	-1.4204873	-286.1462	-129.09831	79.515434	-0.10537325	-232.49594	200.0	200.0	247999	-11.845986	45.853714	5.7046986	-296.2164	-11.846055	45.852474	5.355058	-294.42664	-0.271675	0.98766	11.041452	-11.545599	11.715915	9.532955	2959.4273042678833
63	-162.81197	91.02129	-1.1427845	-321.9161	-146.21378	73.74693	-0.11373867	-273.18283	200.0	200.0	251999	-11.791172	45.832764	5.54829	-291.0822	-11.791206	45.83324	5.391415	-291.35965	-0.26725858	0.9786573	9.944962	-9.6476145	11.666967	9.400106	3003.073494195938
64	-149.24875	61.35079	-2.4698617	-244.04872	-137.16171	91.14789	-0.8170877	-299.97827	200.0	200.0	255999	-11.621907	45.555355	5.7282395	-291.31	-11.621613	45.554775	5.563761	-292.44986	-0.27907312	0.97720623	11.844804	-7.9465055	11.498526	11.80023	3046.9049849510193
65	-143.65327	68.5947	-1.8611239	-244.89085	-148.81454	59.342964	-116.59919	-299.00067	200.0	200.0	259999	-11.613413	45.560352	5.4409	-290.75623	-11.613418	45.558475	5.844309	-289.27768	-0.27499747	0.9670038	10.805913	-8.288903	11.493559	10.327574	3091.8553659915924
66	-167.51186	84.02791	-1.8220043	-305.1831	-154.13339	75.18802	-0.830017	-256.49487	200.0	200.0	263999	-11.479995	45.232483	6.226365	-286.63846	-11.479601	45.232388	6.08528	-287.75092	-0.2705232	0.9752902	9.310219	-10.754046	11.358978	9.804496	3136.5843160152435
67	-151.94969	86.314156	-1.0586343	-334.6943	-122.5197	79.62469	-0.7738667	-270.28098	200.0	200.0	267999	-11.408816	45.287796	5.5501113	-287.3319	-11.4093	45.28902	5.7104216	-286.46442	-0.27137917	0.97705966	11.056004	-7.403167	11.308179	9.185223	3180.983662366867
68	-148.04178	74.90884	-2.595983	-305.96768	-136.67639	91.11246	-0.20862634	-296.90118	200.0	200.0	271999	-11.488304	45.349285	5.7192526	-287.9067	-11.488173	45.348606	6.2449584	-287.8776	-0.27466118	0.97772056	10.085211	-11.083501	11.372592	11.273842	3224.550466299057
69	-113.046005	82.92222	-1.4903157	-323.533	-196.04045	65.504	-120.26922	-314.25208	200.0	200.0	275999	-11.215374	45.142597	5.618288	-291.55096	-11.215514	45.142994	5.3995185	-291.2423	-0.27138615	0.9686951	10.804833	-7.111227	11.102517	10.209688	3268.661566734314
70	-132.64792	62.86411	-1.5283452	-251.80936	-120.62228	51.755917	-0.4219873	-231.0925	200.0	200.0	279999	-11.056999	44.824455	5.6418676	-292.7773	-11.05697	44.823406	6.222621	-292.17117	-0.2650821	0.97821957	9.9227495	-8.86549	10.941002	8.673461	3314.125225543976
71	-155.277	96.140236	-1.2266281	-299.789	-155.16435	75.679634	-0.7889547	-277.34485	200.0	200.0	283999	-10.893084	44.503925	5.579214	-288.92557	-10.893308	44.504353	5.7053075	-289.9908	-0.2628633	0.98359174	11.331474	-9.937373	10.7911	9.0852785	3358.523950099945
72	-118.39513	87.33546	-1.4987303	-327.8089	-119.18266	52.018715	-0.16667251	-232.33731	200.0	200.0	287999	-10.661339	44.141823	5.369495	-288.16876	-10.66159	44.1414	5.410011	-288.1843	-0.28110504	0.96196765	11.557412	-8.90184	10.5536585	10.14785	3403.0360198020935
73	-154.38533	87.909775	-2.599292	-319.4558	-120.4761	72.600716	-3.1213417	-241.04742	200.0	200.0	291999	-10.608388	44.059284	6.035373	-288.9496	-10.608586	44.059906	5.6481886	-288.44855	-0.28359044	0.95453227	9.16514	-9.64677	10.506534	8.512857	3446.878845691681
74	-174.90907	73.581184	-1.719289	-331.11877	-142.11667	86.65919	-0.8235216	-243.83342	200.0	200.0	295999	-10.756867	44.33068	5.658488	-288.9016	-10.756977	44.329933	5.6789536	-288.4957	-0.27208096	0.9715476	10.046399	-10.464596	10.6502	8.560797	3490.6295294761658
75	-153.93347	72.58787	-1.3596698	-240.19159	-164.36101	52.931557	-117.06906	-234.59554	200.0	200.0	299999	-10.795374	44.588985	6.191246	-288.35397	-10.79594	44.589653	5.4911475	-290.56702	-0.274903	0.96780586	10.549076	-9.032763	10.685234	8.4214325	3534.3763797283173
76	-137.15588	84.61969	-1.3502538	-248.65921	-141.78848	72.61615	-0.98625207	-273.12112	200.0	200.0	303999	-10.5828285	44.179226	5.8275137	-289.32846	-10.582615	44.178497	5.6257586	-289.89008	-0.2869566	0.9462788	10.171313	-8.543845	10.484251	9.199141	3580.065975666046
77	-119.63817	86.82696	-1.3093495	-333.33405	-117.03036	87.95787	-0.3332367	-236.9616	200.0	200.0	307999	-10.457643	43.962593	6.0311775	-292.46057	-10.457954	43.963043	5.8383713	-293.3259	-0.28363338	0.9463076	10.574806	-8.183937	10.374377	9.375986	3624.0043222904205
78	-171.54446	66.95315	-3.4006498	-257.13034	-120.05282	3.5710313	-114.560875	-125.86473	200.0	200.0	311999	-10.43667	43.862663	5.80486	-294.89423	-10.436767	43.862064	5.4460855	-295.37805	-0.28360194	0.9460807	9.4778	-9.804762	10.322721	8.847638	3668.1397778987885
79	-122.180214	65.17461	-1.6858699	-252.42754	-144.76929	89.84061	-0.7879978	-244.45853	200.0	200.0	315999	-10.20152	43.47484	5.513847	-292.56927	-10.201669	43.47567	5.451478	-295.213	-0.28421345	0.9525812	9.974433	-9.2192745	10.11287	8.73423	3713.6158199310303
80	-132.18002	88.46171	-1.664219	-319.29044	-126.414	88.79207	-0.7546219	-315.88446	200.0	200.0	319999	-10.301388	43.764797	6.2644424	-292.44098	-10.301438	43.76477	6.556031	-293.55566	-0.2855672	0.9718679	11.740868	-8.319317	10.196883	5.046634	3758.8077642917633
81	-159.57436	81.5953	-2.1441631	-337.2885	-141.5138	100.47479	-0.09113261	-304.625	200.0	200.0	323999	-10.129629	43.551075	5.7384777	-293.60568	-10.129643	43.550526	5.4987326	-295.8129	-0.28343952	0.9677625	10.127561	-7.950951	10.030147	8.510346	3803.444702386856
82	-127.266624	85.56913	-1.3717159	-319.5732	-142.90645	80.48196	-0.29891685	-306.35178	200.0	200.0	327999	-10.08717	43.69436	5.6428576	-292.89594	-10.087063	43.69401	5.806223	-292.01425	-0.2927787	0.9497978	9.442887	-7.9033422	9.983607	9.069823	3847.8224637508392
83	-143.63577	68.81507	-1.2384703	-244.64906	-132.62088	36.40727	-115.35656	-241.54199	200.0	200.0	331999	-9.841358	43.24112	6.0029798	-292.81848	-9.841088	43.240543	5.6685457	-293.976	-0.28705233	0.9408509	10.092461	-9.763985	9.737019	7.012784	3904.412257909775
84	-132.0116	48.592945	-1.8761591	-234.52481	-140.41626	67.91761	-0.42315346	-234.94186	200.0	200.0	335999	-9.80821	43.148636	5.5113935	-292.4951	-9.808329	43.149025	5.7794924	-292.85208	-0.29820946	0.93302983	9.965736	-7.17416	9.712277	9.456344	3970.820519924164
85	-171.15996	62.268524	-115.151596	-279.90338	-83.59344	74.90927	-0.20706151	-231.03659	200.0	200.0	339999	-9.731333	43.07426	6.2887797	-291.75314	-9.73132	43.07516	5.822384	-291.4815	-0.29773107	0.9351975	9.778564	-8.797441	9.632195	7.2618976	4028.0879757404327
86	-142.9205	57.81742	-2.7548544	-243.82304	-107.99258	63.096424	-1.7758815	-235.4042	200.0	200.0	343999	-9.855313	43.435146	5.891609	-289.87003	-9.855466	43.434723	5.941206	-292.37115	-0.29298222	0.9523031	9.548225	-8.856177	9.761382	6.4696865	4083.867286682129
87	-147.78711	65.220345	-2.8757706	-313.21576	-118.45416	51.34988	-0.115456395	-229.32529	200.0	200.0	347999	-9.554367	42.72932	5.643218	-292.42822	-9.554264	42.728756	5.9713516	-293.63232	-0.29393628	0.95421714	11.5084	-7.592443	9.455717	6.361002	4137.973656654358
88	-147.45639	90.54133	-1.8361205	-328.26834	-151.19154	87.88146	-2.156602	-243.71239	200.0	200.0	351999	-9.678522	43.003952	5.6929216	-288.72754	-9.678669	43.003784	5.585094	-288.34924	-0.3064198	0.9274836	10.230761	-8.609463	9.5899315	9.5923195	4190.591905117035
89	-149.4189	68.33899	-1.7414443	-298.2485	-141.52237	41.845047	-115.52685	-229.55745	200.0	200.0	355999	-9.414152	42.606075	5.739251	-292.28677	-9.414333	42.605263	5.693556	-293.41724	-0.28577387	0.9482464	11.784527	-9.295748	9.313374	6.359831	4237.000034332275
90	-160.09549	64.68631	-1.5707209	-243.1591	-156.54205	74.79513	-1.8922163	-253.58435	200.0	200.0	359999	-9.419629	42.651516	5.722104	-290.57367	-9.419895	42.651787	6.1418934	-290.67966	-0.28031117	0.94958115	9.326654	-8.614851	9.32822	6.6224136	4281.701151132584
91	-162.1479	76.6093	-1.5361896	-333.77914	-151.88126	73.949615	-0.1915075	-241.80939	200.0	200.0	363999	-9.423729	42.615517	5.5024943	-293.94675	-9.423878	42.615314	5.837304	-295.49002	-0.29043362	0.94128436	9.117575	-9.140387	9.32964	6.9111447	4326.465553045273
92	-154.38693	102.00892	-1.5540245	-360.92767	-176.81128	57.99635	-116.504776	-241.05301	200.0	200.0	367999	-9.4461775	42.645565	5.607115	-293.6354	-9.446013	42.64599	6.024854	-295.96536	-0.29829928	0.92173874	10.434576	-8.157175	9.353708	6.150496	4379.481616258621
93	-145.05498	58.188747	-2.7129886	-245.47333	-106.0928	81.146	-0.31315422	-234.27655	200.0	200.0	371999	-9.379773	42.54132	5.956848	-293.61578	-9.379913	42.541264	5.852212	-293.25308	-0.2920448	0.93844056	10.23159	-8.045486	9.292346	7.44702	4426.697528123856
94	-158.38046	66.97586	-3.9947362	-273.81985	-108.6331	63.613068	-0.47660983	-235.72937	200.0	200.0	375999	-9.260722	42.27502	5.624854	-294.12177	-9.260695	42.275448	5.5601482	-294.0447	-0.2908826	0.9351954	10.134523	-8.761028	9.183325	8.888254	4519.794249534607
95	-162.11209	65.05068	-2.4598482	-241.8683	-170.58435	99.10643	-0.25473705	-339.498	200.0	200.0	379999	-9.422614	42.458385	5.465301	-293.1123	-9.42231	42.456802	5.6825747	-294.10864	-0.28846738	0.9346754	12.038385	-7.6776776	9.337511	5.754244	4591.693780899048
96	-150.30719	71.27945	-1.5819212	-244.83669	-141.61256	69.30246	-2.9197283	-234.58566	200.0	200.0	383999	-9.345573	42.256393	5.5851994	-292.62927	-9.345498	42.25681	5.486546	-294.6279	-0.2972159	0.9324005	10.5924015	-8.575623	9.2596	6.838872	4686.019551038742
97	-145.58792	82.217476	-1.3521469	-285.70935	-132.6711	64.295906	-0.37406844	-248.69026	200.0	200.0	387999	-9.243741	42.248943	5.6076803	-292.3373	-9.2438345	42.248993	5.4748745	-294.41602	-0.29560235	0.93507767	11.705935	-8.063645	9.161044	6.8633595	4769.545072078705
98	-132.8016	50.811665	-1.9476556	-249.99574	-153.69559	71.646286	-114.66693	-345.4342	200.0	200.0	391999	-9.298549	42.225185	6.1606946	-295.2125	-9.298726	42.22458	5.606014	-297.1754	-0.29672444	0.9282057	12.372715	-9.123586	9.216031	6.9370856	4864.739175081253
99	-168.3587	81.58817	-3.8096817	-325.25806	-150.73642	72.69496	-0.36437637	-244.10095	200.0	200.0	395999	-9.1003685	41.952118	5.638063	-290.09418	-9.1004715	41.952145	5.746153	-291.51746	-0.29845032	0.92609036	10.444518	-7.7615986	9.024595	8.587196	4937.917868852615
100	-130.97389	71.089195	-1.4092941	-242.15848	-96.85082	48.36575	-0.18566471	-125.84833	200.0	200.0	399999	-9.221401	42.159397	5.861763	-292.2431	-9.221145	42.158905	5.8816423	-291.54468	-0.29174507	0.93255824	9.363767	-9.440029	9.144598	7.020927	5011.484054327011
